# CRC Handbook of Chemistry and Physics 89th Edition 8-52
# columns are Mass (%), m/mol (kg–1), c/mol (L–1), ρ (g cm–3), n, ∆ (°C), η (mPa s)

#  CONCENTRATIVE PROPERTIES OF AQUEOUS SOLUTIONS: DENSITY, REFRACTIVE
#                        INDEX, FREEZING POINT DEPRESSION, AND VISCOSITY
#    This table gives properties of aqueous solutions of 66 substanc-   n Index of refraction, relative to air, at a wavelength of 589
# es as a function of concentration. All data refer to a temperature of   nm (sodium D line); the index of pure water at 20°C is
#                                                                         1.3330.
# 20°C. The properties are:
#                                                                       ∆ Freezing point depression in °C relative to pure water.
# Mass %: Mass of solute divided by total mass of solution,
#                                                                       η Absolute (dynamic) viscosity in mPa s (equal to
#            expressed as percent.
#                                                                         centipoise, cP); the viscosity of pure water at 20°C is
# m          Molality (moles of solute per kg of water).
#                                                                         1.002 mPa s.
# c          Molarity (moles of solute per liter of solution).
#
# ρ           Density of solution in g/cm3.

# Glycerol (Gly)
 0.5 0.055 0.054 0.9994 1.3336 0.07 1.011
 1.0 0.110 0.109 1.0005 1.3342 0.18 1.022
 2.0 0.222 0.218 1.0028 1.3353 0.41 1.048
 3.0 0.336 0.327 1.0051 1.3365 0.63 1.074
 4.0 0.452 0.438 1.0074 1.3376 0.85 1.100
 5.0 0.572 0.548 1.0097 1.3388 1.08 1.127
 6.0 0.693 0.659 1.0120 1.3400 1.32 1.157
 7.0 0.817 0.771 1.0144 1.3412 1.56 1.188
 8.0 0.944 0.883 1.0167 1.3424 1.81 1.220
 9.0 1.074 0.996 1.0191 1.3436 2.06 1.256
10.0 1.207 1.109 1.0215 1.3448 2.32 1.291
12.0 1.481 1.337 1.0262 1.3472 2.88 1.365
14.0 1.768 1.568 1.0311 1.3496 3.47 1.445
16.0 2.068 1.800 1.0360 1.3521 4.09 1.533
18.0 2.384 2.035 1.0409 1.3547 4.76 1.630

# Sodium Chloride (NaCl)
 0.5 0.086 0.086 1.0018 1.3339  0.30 1.011
 1.0 0.173 0.172 1.0053 1.3347  0.59 1.020
 2.0 0.349 0.346 1.0125 1.3365  1.19 1.036
 3.0 0.529 0.523 1.0196 1.3383  1.79 1.052
 4.0 0.713 0.703 1.0268 1.3400  2.41 1.068
 5.0 0.901 0.885 1.0340 1.3418  3.05 1.085
 6.0 1.092 1.069 1.0413 1.3435  3.70 1.104
 7.0 1.288 1.256 1.0486 1.3453  4.38 1.124
 8.0 1.488 1.445 1.0559 1.3470  5.08 1.145
 9.0 1.692 1.637 1.0633 1.3488  5.81 1.168
10.0 1.901 1.832 1.0707 1.3505  6.56 1.193
12.0 2.333 2.229 1.0857 1.3541  8.18 1.250
14.0 2.785 2.637 1.1008 1.3576  9.94 1.317
16.0 3.259 3.056 1.1162 1.3612 11.89 1.388
18.0 3.756 3.486 1.1319 1.3648 14.04 1.463
20.0 4.278 3.928 1.1478 1.3684 16.46 1.557
22.0 4.826 4.382 1.1640 1.3721 19.18 1.676
24.0 5.403 4.847 1.1804 1.3757 nan   1.821
26.0 6.012 5.326 1.1972 1.3795 nan   1.990

# Potassium Dihydrogen Phosphate (MKP)
 0.5 0.037 0.037 1.0018 1.3336 0.13 1.010
 1.0 0.074 0.074 1.0053 1.3342 0.25 1.019
 1.5 0.112 0.111 1.0089 1.3348 0.37 1.028
 2.0 0.150 0.149 1.0125 1.3354 0.49 1.038
 3.0 0.227 0.225 1.0197 1.3365 0.72 1.060
 4.0 0.306 0.302 1.0269 1.3377 0.96 1.083
 5.0 0.387 0.380 1.0342 1.3388 1.19 1.108
 6.0 0.469 0.459 1.0414 1.3400 1.41 1.133
 7.0 0.553 0.539 1.0486 1.3411 1.63 1.160
 8.0 0.639 0.621 1.0558 1.3422 1.84 1.187
 9.0 0.727 0.703 1.0630 1.3434 2.04 1.215
10.0 0.816 0.786 1.0703 1.3445 2.23 1.245

# Potassium Hydrogen Phosphate (DKP)
0.5 0.029 0.029 1.0025 1.3338 0.13 1.013
1.0 0.058 0.058 1.0068 1.3345 0.25 1.023
1.5 0.087 0.087 1.0110 1.3353 0.37 1.034
2.0 0.117 0.117 1.0153 1.3361 0.49 1.046
2.5 0.147 0.146 1.0195 1.3368 0.61 1.057
3.0 0.178 0.176 1.0238 1.3376 0.73 1.069
3.5 0.208 0.207 1.0281 1.3384 0.86 1.081
4.0 0.239 0.237 1.0324 1.3392 0.97 1.094
4.5 0.271 0.268 1.0368 1.3399 1.10 1.107
5.0 0.302 0.299 1.0412 1.3407 1.22 1.120
6.0 0.366 0.362 1.0500 1.3422 1.46 1.147
7.0 0.432 0.426 1.0590 1.3438 1.70 1.177
8.0 0.499 0.491 1.0680 1.3453 1.95 1.209

# Potassium Chloride (KCl)
 0.5 0.067 0.067 1.0014 1.3337 0.23 1.000
 1.0 0.135 0.135 1.0046 1.3343 0.46 0.999
 2.0 0.274 0.271 1.0110 1.3357 0.92 0.999
 3.0 0.415 0.409 1.0174 1.3371 1.38 0.998
 4.0 0.559 0.549 1.0239 1.3384 1.85 0.997
 5.0 0.706 0.691 1.0304 1.3398 2.32 0.996
 6.0 0.856 0.835 1.0369 1.3411 2.80 0.994
 7.0 1.010 0.980 1.0434 1.3425 3.29 0.992
 8.0 1.166 1.127 1.0500 1.3438 3.80 0.990
 9.0 1.327 1.276 1.0566 1.3452 4.30 0.989
10.0 1.490 1.426 1.0633 1.3466 4.81 0.988
12.0 1.829 1.733 1.0768 1.3493 5.88 0.990
14.0 2.184 2.048 1.0905 1.3521 nan  0.994
16.0 2.555 2.370 1.1043 1.3549 nan  0.999
18.0 2.944 2.701 1.1185 1.3577 nan  1.004
20.0 3.353 3.039 1.1328 1.3606 nan  1.012
22.0 3.783 3.386 1.1474 1.3635 nan  1.024
24.0 4.236 3.742 1.1623 1.3665 nan  1.040

# Sodium Dihydrogen Phosphate (MNP)
 0.5 0.042 0.042 1.0019 1.3336 0.14 1.018
 1.0 0.084 0.084 1.0056 1.3343 0.28 1.035
 1.5 0.127 0.126 1.0094 1.3349 0.42 1.051
 2.0 0.170 0.169 1.0131 1.3356 0.56 1.068
 2.5 0.214 0.212 1.0168 1.3362 0.70 1.085
 3.0 0.258 0.255 1.0206 1.3369 0.84 1.103
 3.5 0.302 0.299 1.0244 1.3375 0.98 1.121
 4.0 0.347 0.343 1.0281 1.3382 1.12 1.140
 4.5 0.393 0.387 1.0319 1.3388 1.25 1.160
 5.0 0.439 0.432 1.0358 1.3395 1.39 1.180
 6.0 0.532 0.522 1.0434 1.3408 1.65 1.223
 7.0 0.627 0.613 1.0511 1.3421 1.89 1.270
 8.0 0.725 0.706 1.0589 1.3434 2.12 1.319
 9.0 0.824 0.800 1.0668 1.3447 2.35 1.371
10.0 0.926 0.896 1.0747 1.3460 2.58 1.428
12.0 1.137 1.091 1.0907 1.3486 3.06 1.552
14.0 1.357 1.292 1.1070 1.3512 3.53 1.694
16.0 1.588 1.499 1.1236 1.3538 4.03 1.861
18.0 1.830 1.711 1.1404 1.3565 4.55 2.050
20.0 2.084 1.930 1.1576 1.3592 5.10 2.283
22.0 2.351 2.155 1.1752 1.3618 nan  2.550
24.0 2.632 2.387 1.1931 1.3646 nan  2.850
26.0 2.929 2.625 1.2113 1.3673 nan  3.214
28.0 3.242 2.870 1.2299 1.3700 nan  3.682
30.0 3.572 3.123 1.2488 1.3728 nan  4.300
32.0 3.923 3.383 1.2682 1.3756 nan  5.079
34.0 4.294 3.650 1.2879 1.3784 nan  6.008
36.0 4.689 3.925 1.3080 1.3812 nan  7.098
38.0 5.109 4.208 1.3285 1.3840 nan  8.363
40.0 5.557 4.499 1.3493 1.3869 nan  9.814

# Sodium Hydrogen Phosphate (DNP)
0.5 0.035 0.035 1.0032 1.3340 0.17 1.021
1.0 0.071 0.071 1.0082 1.3349 0.32 1.042
1.5 0.107 0.107 1.0131 1.3358 0.46 1.064
2.0 0.144 0.143 1.0180 1.3368 nan  1.088
2.5 0.181 0.180 1.0229 1.3377 nan  1.113
3.0 0.218 0.217 1.0279 1.3386 nan  1.138
3.5 0.255 0.255 1.0328 1.3396 nan  1.165
4.0 0.293 0.292 1.0378 1.3405 nan  1.193
4.5 0.332 0.331 1.0428 1.3414 nan  1.223
5.0 0.371 0.369 1.0478 1.3424 nan  1.254
5.5 0.410 0.408 1.0528 1.3433 nan  1.286

# Magnesium Chloride (MgCl)
0.5   0.053 0.053 1.0022 1.3343 0.26 1.024
1.0   0.106 0.106 1.0062 1.3356 0.52 1.046
2.0   0.214 0.213 1.0144 1.3381 1.06 1.091
3.0   0.325 0.322 1.0226 1.3406 1.65 1.139
4.0   0.438 0.433 1.0309 1.3432 2.30 1.188
5.0   0.553 0.546 1.0394 1.3457 3.01 1.241
6.0   0.670 0.660 1.0479 1.3483 nan  1.298
7.0   0.791 0.777 1.0564 1.3508 nan  1.358
8.0   0.913 0.895 1.0651 1.3534 nan  1.423
9.0   1.039 1.015 1.0738 1.3560 nan  1.493
10.0  1.167 1.137 1.0826 1.3587 nan  1.570
12.0  1.432 1.387 1.1005 1.3641 nan  1.745
14.0  1.710 1.645 1.1189 1.3695 nan  1.956
16.0  2.001 1.911 1.1372 1.3749 nan  2.207
18.0  2.306 2.184 1.1553 1.3804 nan  2.507
20.0  2.626 2.467 1.1742 1.3859 nan  2.867
22.0  2.962 2.758 1.1938 1.3915 nan  3.323
24.0  3.317 3.060 1.2140 1.3972 nan  3.917
26.0  3.690 3.371 1.2346 1.4030 nan  4.694
28.0  4.085 3.692 1.2555 1.4089 nan  5.709
30.0  4.501 4.022 1.2763 1.4148 nan  7.017

# Lithium Chloride (LiCl)
 0.5  0.119 0.118 1.0012 1.3341  0.42 1.019
 1.0  0.238 0.237 1.0041 1.3351  0.84 1.037
 2.0  0.481 0.476 1.0099 1.3373  1.72 1.072
 3.0  0.730 0.719 1.0157 1.3394  2.68 1.108
 4.0  0.983 0.964 1.0215 1.3415  3.73 1.146
 5.0  1.241 1.211 1.0272 1.3436  4.86 1.185
 6.0  1.506 1.462 1.0330 1.3457  6.14 1.226
 7.0  1.775 1.715 1.0387 1.3478  7.56 1.269
 8.0  2.051 1.971 1.0444 1.3499  9.11 1.313
 9.0  2.333 2.230 1.0502 1.3520 10.79 1.360
10.0  2.621 2.491 1.0560 1.3541 12.61 1.411
12.0  3.217 3.022 1.0675 1.3583 16.59 1.522
14.0  3.840 3.564 1.0792 1.3625 21.04 1.647
16.0  4.493 4.118 1.0910 1.3668 nan   1.787
18.0  5.178 4.683 1.1029 1.3711 nan   1.942
20.0  5.897 5.260 1.1150 1.3755 nan   2.128
22.0  6.653 5.851 1.1274 1.3799 nan   2.341
24.0  7.449 6.453 1.1399 1.3844 nan   2.600
26.0  8.288 7.069 1.1527 1.3890 nan   2.925
28.0  9.173 7.700 1.1658 1.3936 nan   3.318
30.0 10.109 8.344 1.1791 1.3983 nan   3.785

# EDTA Sodium (EDTA)
0.5 0.015 0.015 1.0009 1.3339 0.07 1.017
1.0 0.030 0.030 1.0036 1.3348 0.14 1.032
1.5 0.045 0.045 1.0062 1.3356 0.21 1.046
2.0 0.061 0.060 1.0089 1.3365 0.27 1.062
2.5 0.076 0.075 1.0115 1.3374 0.33 1.077
3.0 0.092 0.090 1.0142 1.3383 0.40 1.093
3.5 0.108 0.106 1.0169 1.3392 0.46 1.109
4.0 0.124 0.121 1.0196 1.3400 0.52 1.125
4.5 0.140 0.137 1.0223 1.3409 0.58 1.142
5.0 0.157 0.152 1.0250 1.3418 0.65 1.160
5.5 0.173 0.168 1.0277 1.3427 0.71 1.178
6.0 0.190 0.184 1.0305 1.3436 0.77 1.197

# Potassium Bromide (KBr)
 0.5 0.042 0.042 1.0018 1.3336  0.15 1.000
 1.0 0.085 0.084 1.0054 1.3342  0.29 0.998
 2.0 0.171 0.170 1.0127 1.3354  0.59 0.994
 3.0 0.260 0.257 1.0200 1.3366  0.88 0.990
 4.0 0.350 0.345 1.0275 1.3379  1.18 0.985
 5.0 0.442 0.435 1.0350 1.3391  1.48 0.981
 6.0 0.536 0.526 1.0426 1.3403  1.78 0.977
 7.0 0.633 0.618 1.0503 1.3416  2.10 0.974
 8.0 0.731 0.711 1.0581 1.3429  2.42 0.970
 9.0 0.831 0.806 1.0660 1.3441  2.74 0.967
10.0 0.934 0.903 1.0740 1.3454  3.07 0.964
12.0 1.146 1.099 1.0903 1.3481  3.76 0.958
14.0 1.368 1.302 1.1070 1.3507  4.49 0.953
16.0 1.601 1.512 1.1242 1.3535  5.25 0.949
18.0 1.845 1.727 1.1419 1.3562  6.04 0.946
20.0 2.101 1.950 1.1601 1.3591  6.88 0.944
22.0 2.370 2.179 1.1788 1.3620  7.76 0.943
24.0 2.654 2.416 1.1980 1.3650  8.70 0.943
26.0 2.952 2.661 1.2179 1.3680  9.68 0.944
28.0 3.268 2.914 1.2383 1.3711 10.72 0.947
30.0 3.601 3.175 1.2593 1.3743 11.82 0.952
32.0 3.954 3.445 1.2810 1.3776 12.98 0.959
